DATASET = "VeRoLog challenge 2019 ORTEC Test Instances";
NAME = "VSC2019_EX01";
days = 10;
truck_capacity = 15;
truck_max_distance = 2000;
truck_distance_cost = 10;
truck_day_cost = 100;
truck_cost = 100000;
technician_distance_cost = 100;
technician_day_cost = 100;
technician_cost = 10;
machines = 2;
locations = 54;
requests = 150;
technicians = 50;

machines_data = [|
1, 6, 343,
| 2, 5, 887|];

locations_data = [|
1, 699, 335,
| 2, 473, 376,
| 3, 546, 621,
| 4, 309, 257,
| 5, 264, 502,
| 6, 233, 333,
| 7, 319, 482,
| 8, 543, 163,
| 9, 287, 547,
| 10, 284, 625,
| 11, 395, 567,
| 12, 477, 667,
| 13, 384, 348,
| 14, 264, 379,
| 15, 468, 211,
| 16, 386, 377,
| 17, 339, 238,
| 18, 181, 371,
| 19, 534, 54,
| 20, 340, 388,
| 21, 595, 737,
| 22, 423, 239,
| 23, 470, 369,
| 24, 154, 349,
| 25, 345, 430,
| 26, 605, 532,
| 27, 486, 1,
| 28, 425, 413,
| 29, 403, 479,
| 30, 426, 422,
| 31, 575, 345,
| 32, 315, 465,
| 33, 333, 509,
| 34, 501, 76,
| 35, 49, 161,
| 36, 293, 594,
| 37, 521, 285,
| 38, 234, 377,
| 39, 667, 534,
| 40, 393, 481,
| 41, 510, 303,
| 42, 213, 377,
| 43, 269, 318,
| 44, 312, 458,
| 45, 471, 368,
| 46, 574, 174,
| 47, 616, 393,
| 48, 339, 386,
| 49, 352, 370,
| 50, 507, 78,
| 51, 176, 365,
| 52, 566, 256,
| 53, 323, 509,
| 54, 347, 368|];

requests_data = [|
1, 8, 1, 6, 1, 1,
| 2, 46, 1, 2, 1, 1,
| 3, 12, 1, 3, 1, 2,
| 4, 29, 1, 3, 1, 1,
| 5, 33, 1, 6, 1, 2,
| 6, 18, 1, 4, 2, 2,
| 7, 12, 1, 6, 1, 2,
| 8, 22, 1, 4, 1, 1,
| 9, 13, 1, 5, 1, 2,
| 10, 4, 1, 3, 1, 1,
| 11, 22, 1, 3, 1, 1,
| 12, 20, 1, 4, 1, 2,
| 13, 24, 1, 5, 1, 2,
| 14, 14, 1, 5, 1, 1,
| 15, 16, 1, 2, 2, 1,
| 16, 28, 1, 6, 2, 1,
| 17, 41, 1, 4, 2, 1,
| 18, 30, 1, 5, 1, 1,
| 19, 39, 1, 3, 2, 1,
| 20, 23, 1, 5, 2, 2,
| 21, 45, 1, 6, 1, 1,
| 22, 13, 1, 2, 2, 2,
| 23, 15, 1, 5, 1, 2,
| 24, 26, 1, 4, 1, 2,
| 25, 30, 1, 6, 1, 1,
| 26, 19, 1, 5, 2, 3,
| 27, 18, 1, 4, 2, 3,
| 28, 22, 1, 6, 2, 2,
| 29, 8, 1, 4, 2, 1,
| 30, 13, 1, 2, 1, 1,
| 31, 46, 1, 4, 1, 1,
| 32, 30, 1, 2, 1, 1,
| 33, 19, 1, 3, 1, 2,
| 34, 4, 1, 4, 2, 2,
| 35, 2, 1, 4, 1, 2,
| 36, 17, 2, 4, 1, 1,
| 37, 44, 2, 5, 1, 1,
| 38, 39, 2, 6, 1, 1,
| 39, 43, 2, 5, 1, 2,
| 40, 27, 2, 6, 1, 2,
| 41, 33, 2, 3, 2, 3,
| 42, 15, 2, 5, 2, 1,
| 43, 43, 2, 6, 1, 2,
| 44, 19, 2, 7, 2, 1,
| 45, 45, 2, 5, 1, 2,
| 46, 32, 2, 3, 2, 3,
| 47, 30, 2, 5, 2, 2,
| 48, 4, 2, 7, 1, 1,
| 49, 19, 2, 7, 1, 2,
| 50, 48, 2, 6, 1, 2,
| 51, 43, 2, 4, 2, 1,
| 52, 15, 2, 6, 2, 2,
| 53, 7, 2, 5, 1, 2,
| 54, 51, 2, 6, 1, 1,
| 55, 46, 2, 7, 1, 2,
| 56, 31, 2, 7, 1, 1,
| 57, 33, 2, 3, 1, 1,
| 58, 14, 2, 3, 2, 2,
| 59, 9, 2, 5, 1, 1,
| 60, 46, 2, 5, 1, 2,
| 61, 47, 2, 3, 1, 1,
| 62, 37, 2, 7, 1, 1,
| 63, 15, 2, 5, 1, 1,
| 64, 33, 2, 3, 1, 2,
| 65, 21, 2, 3, 2, 3,
| 66, 13, 2, 7, 1, 2,
| 67, 33, 2, 4, 2, 2,
| 68, 7, 2, 3, 1, 2,
| 69, 21, 2, 4, 2, 3,
| 70, 50, 2, 3, 1, 2,
| 71, 6, 2, 5, 2, 2,
| 72, 42, 2, 3, 1, 2,
| 73, 45, 2, 5, 2, 1,
| 74, 27, 2, 5, 2, 3,
| 75, 38, 2, 7, 1, 2,
| 76, 34, 3, 6, 1, 1,
| 77, 15, 3, 7, 1, 1,
| 78, 13, 3, 6, 2, 2,
| 79, 19, 3, 8, 2, 3,
| 80, 51, 3, 7, 2, 1,
| 81, 2, 3, 5, 2, 3,
| 82, 21, 3, 5, 1, 1,
| 83, 32, 3, 6, 1, 2,
| 84, 11, 3, 6, 2, 1,
| 85, 16, 3, 4, 1, 1,
| 86, 29, 3, 4, 1, 1,
| 87, 45, 3, 6, 2, 1,
| 88, 42, 3, 6, 2, 3,
| 89, 8, 3, 8, 1, 1,
| 90, 20, 3, 4, 2, 2,
| 91, 44, 3, 8, 2, 3,
| 92, 16, 3, 5, 1, 1,
| 93, 30, 3, 6, 2, 1,
| 94, 22, 3, 5, 2, 2,
| 95, 46, 3, 4, 1, 2,
| 96, 49, 3, 4, 1, 2,
| 97, 37, 3, 6, 1, 1,
| 98, 30, 3, 8, 1, 1,
| 99, 50, 3, 5, 1, 1,
| 100, 38, 3, 8, 2, 3,
| 101, 33, 3, 6, 2, 3,
| 102, 20, 3, 7, 1, 1,
| 103, 44, 3, 8, 1, 1,
| 104, 37, 3, 4, 2, 3,
| 105, 8, 3, 8, 2, 1,
| 106, 42, 3, 8, 2, 2,
| 107, 33, 3, 8, 2, 2,
| 108, 24, 3, 7, 2, 2,
| 109, 40, 3, 7, 2, 3,
| 110, 28, 3, 5, 2, 1,
| 111, 39, 4, 6, 2, 1,
| 112, 30, 4, 8, 2, 1,
| 113, 46, 4, 9, 2, 2,
| 114, 25, 4, 5, 2, 1,
| 115, 15, 4, 9, 1, 1,
| 116, 51, 4, 5, 1, 2,
| 117, 33, 4, 5, 1, 2,
| 118, 21, 4, 6, 1, 2,
| 119, 14, 4, 6, 2, 2,
| 120, 38, 4, 5, 1, 1,
| 121, 39, 4, 9, 1, 1,
| 122, 32, 4, 7, 2, 1,
| 123, 33, 4, 5, 2, 3,
| 124, 12, 4, 6, 2, 1,
| 125, 16, 4, 7, 2, 2,
| 126, 10, 4, 7, 1, 1,
| 127, 50, 4, 6, 2, 1,
| 128, 36, 4, 9, 1, 2,
| 129, 37, 4, 5, 1, 1,
| 130, 34, 4, 8, 2, 2,
| 131, 29, 4, 8, 2, 3,
| 132, 15, 4, 6, 2, 3,
| 133, 15, 4, 9, 2, 1,
| 134, 37, 4, 9, 1, 1,
| 135, 21, 4, 9, 1, 2,
| 136, 43, 4, 5, 1, 1,
| 137, 33, 4, 6, 2, 1,
| 138, 2, 4, 7, 2, 2,
| 139, 31, 4, 5, 1, 1,
| 140, 27, 4, 9, 2, 1,
| 141, 22, 4, 6, 2, 1,
| 142, 15, 4, 7, 2, 1,
| 143, 3, 4, 8, 1, 1,
| 144, 31, 4, 5, 2, 3,
| 145, 15, 4, 7, 2, 1,
| 146, 5, 4, 5, 2, 3,
| 147, 3, 4, 6, 1, 2,
| 148, 41, 4, 9, 1, 2,
| 149, 29, 4, 9, 2, 1,
| 150, 2, 4, 5, 2, 3|];

technicians_data = [|
1, 40, 529, 9, 0, 1,
| 2, 1, 995, 9, 0, 1,
| 3, 1, 1280, 7, 0, 1,
| 4, 1, 1311, 9, 1, 1,
| 5, 1, 950, 7, 1, 1,
| 6, 1, 463, 10, 1, 1,
| 7, 1, 200, 8, 0, 1,
| 8, 24, 1142, 8, 0, 1,
| 9, 52, 1281, 10, 1, 1,
| 10, 1, 1420, 10, 1, 1,
| 11, 20, 1462, 9, 1, 1,
| 12, 1, 740, 8, 1, 1,
| 13, 1, 598, 6, 1, 1,
| 14, 53, 1250, 8, 1, 1,
| 15, 1, 1298, 7, 1, 0,
| 16, 1, 541, 7, 1, 1,
| 17, 1, 1461, 7, 1, 1,
| 18, 32, 360, 10, 1, 1,
| 19, 1, 282, 9, 1, 0,
| 20, 1, 580, 7, 1, 0,
| 21, 20, 1092, 8, 1, 1,
| 22, 21, 279, 6, 0, 1,
| 23, 48, 1430, 5, 1, 0,
| 24, 40, 429, 10, 1, 1,
| 25, 1, 175, 7, 1, 1,
| 26, 36, 669, 8, 1, 1,
| 27, 44, 388, 10, 1, 1,
| 28, 1, 541, 9, 1, 0,
| 29, 36, 463, 10, 0, 1,
| 30, 1, 238, 5, 1, 1,
| 31, 1, 1109, 9, 0, 1,
| 32, 35, 196, 8, 1, 1,
| 33, 1, 1483, 10, 0, 1,
| 34, 45, 1330, 5, 1, 1,
| 35, 1, 349, 10, 1, 0,
| 36, 1, 388, 6, 1, 0,
| 37, 1, 527, 6, 1, 1,
| 38, 1, 473, 5, 0, 1,
| 39, 1, 1168, 7, 0, 1,
| 40, 47, 796, 9, 1, 1,
| 41, 1, 349, 5, 0, 1,
| 42, 15, 1499, 8, 1, 1,
| 43, 9, 1269, 7, 0, 1,
| 44, 1, 842, 8, 1, 1,
| 45, 1, 1398, 5, 0, 1,
| 46, 1, 1333, 6, 1, 1,
| 47, 1, 166, 8, 0, 1,
| 48, 34, 904, 8, 1, 1,
| 49, 1, 905, 8, 1, 1,
| 50, 54, 284, 8, 1, 1|];

distances_data = [|
0, 230, 325, 398, 466, 467, 408, 233, 464, 507, 383, 400, 316, 438, 263, 316, 373, 520, 326, 363, 416, 293, 232, 546, 367, 219, 397, 285, 330, 287, 125, 406, 406, 327, 673, 482, 185, 467, 202, 340, 192, 488, 431, 407, 231, 204, 102, 364, 349, 321, 524, 155, 415, 354,
| 230, 0, 256, 203, 245, 244, 187, 225, 253, 313, 207, 292, 94, 210, 166, 88, 193, 293, 328, 134, 382, 146, 8, 321, 139, 205, 376, 61, 125, 66, 107, 182, 194, 302, 476, 283, 103, 240, 251, 133, 82, 261, 213, 181, 9, 226, 145, 135, 122, 300, 298, 152, 201, 127,
| 325, 256, 0, 435, 307, 426, 267, 459, 270, 263, 161, 83, 318, 372, 418, 292, 436, 443, 568, 312, 126, 402, 264, 478, 278, 107, 623, 241, 202, 233, 278, 279, 241, 547, 678, 255, 337, 397, 150, 208, 321, 413, 411, 286, 264, 448, 239, 314, 318, 545, 450, 366, 250, 322,
| 398, 203, 435, 0, 250, 108, 226, 253, 291, 369, 322, 444, 118, 131, 166, 143, 36, 172, 304, 135, 559, 116, 197, 181, 177, 405, 312, 195, 242, 203, 281, 209, 254, 264, 278, 338, 214, 142, 453, 240, 207, 154, 73, 202, 197, 278, 336, 133, 121, 267, 172, 258, 253, 118,
| 466, 245, 307, 250, 0, 172, 59, 440, 51, 125, 147, 270, 196, 123, 356, 175, 275, 156, 524, 138, 406, 308, 246, 189, 109, 343, 548, 184, 141, 181, 349, 64, 70, 488, 404, 97, 337, 129, 405, 131, 317, 136, 185, 66, 247, 452, 369, 139, 159, 489, 163, 390, 60, 158,
| 467, 244, 426, 108, 172, 0, 173, 354, 221, 297, 285, 414, 152, 56, 265, 160, 143, 65, 411, 121, 543, 212, 240, 81, 149, 422, 418, 208, 225, 213, 343, 156, 203, 372, 252, 268, 292, 45, 479, 218, 279, 49, 39, 148, 241, 377, 388, 119, 125, 375, 66, 342, 198, 120,
| 408, 187, 267, 226, 59, 173, 0, 390, 73, 148, 115, 244, 149, 117, 310, 125, 245, 178, 479, 97, 376, 265, 189, 212, 59, 291, 510, 127, 85, 123, 291, 18, 31, 445, 420, 115, 283, 136, 352, 75, 262, 150, 172, 25, 190, 400, 311, 99, 117, 446, 185, 335, 28, 118,
| 233, 225, 459, 253, 440, 354, 390, 0, 462, 530, 431, 509, 244, 353, 90, 266, 218, 418, 110, 304, 577, 143, 219, 432, 333, 375, 172, 277, 346, 285, 185, 379, 405, 97, 495, 499, 124, 376, 392, 352, 144, 394, 315, 375, 218, 33, 242, 303, 282, 93, 419, 96, 411, 284,
| 464, 253, 270, 291, 51, 221, 73, 462, 0, 79, 110, 225, 222, 170, 382, 197, 314, 206, 552, 168, 362, 337, 256, 239, 131, 319, 582, 193, 135, 187, 352, 87, 60, 518, 454, 48, 352, 179, 381, 125, 331, 186, 230, 93, 257, 471, 364, 170, 189, 519, 214, 404, 53, 189,
| 507, 313, 263, 369, 125, 297, 148, 530, 79, 0, 126, 198, 295, 247, 454, 269, 391, 275, 624, 244, 331, 411, 317, 306, 205, 335, 656, 255, 189, 248, 404, 163, 126, 591, 521, 33, 415, 253, 394, 181, 394, 258, 308, 170, 318, 537, 406, 246, 264, 591, 282, 465, 123, 265,
| 383, 207, 161, 322, 147, 285, 115, 431, 110, 126, 0, 130, 220, 230, 364, 191, 334, 291, 532, 188, 263, 330, 212, 325, 146, 213, 574, 157, 89, 149, 286, 130, 85, 503, 534, 106, 309, 250, 274, 87, 288, 264, 280, 138, 214, 432, 282, 190, 202, 502, 298, 355, 93, 205,
| 400, 292, 83, 444, 270, 414, 244, 509, 225, 198, 130, 0, 333, 359, 457, 304, 451, 419, 616, 311, 138, 432, 299, 454, 272, 187, 667, 260, 203, 251, 337, 259, 214, 592, 663, 198, 385, 379, 232, 205, 366, 393, 407, 267, 300, 503, 308, 314, 323, 590, 427, 421, 221, 327,
| 316, 94, 318, 118, 196, 152, 149, 244, 222, 295, 220, 333, 0, 124, 161, 30, 119, 205, 331, 60, 443, 116, 89, 231, 91, 288, 362, 77, 133, 86, 192, 136, 169, 297, 384, 263, 151, 153, 339, 134, 134, 174, 119, 132, 90, 258, 237, 59, 39, 297, 209, 204, 173, 43,
| 438, 210, 372, 131, 123, 56, 117, 353, 170, 247, 230, 359, 124, 0, 265, 123, 160, 84, 423, 77, 488, 212, 207, 115, 96, 374, 439, 165, 172, 168, 313, 100, 148, 385, 307, 217, 274, 31, 432, 165, 258, 52, 62, 93, 208, 372, 353, 76, 89, 387, 90, 327, 143, 84,
| 263, 166, 418, 166, 356, 265, 310, 90, 382, 454, 364, 457, 161, 265, 0, 186, 132, 329, 171, 219, 542, 53, 159, 343, 252, 350, 211, 207, 276, 216, 172, 297, 328, 139, 422, 422, 92, 287, 380, 281, 102, 305, 226, 293, 158, 113, 235, 218, 197, 139, 331, 108, 332, 199,
| 316, 88, 292, 143, 175, 160, 125, 266, 197, 269, 191, 304, 30, 123, 186, 0, 147, 206, 356, 48, 417, 143, 85, 234, 68, 269, 390, 54, 104, 61, 192, 114, 143, 323, 401, 237, 164, 152, 322, 105, 145, 173, 132, 110, 86, 277, 231, 48, 35, 323, 211, 217, 147, 41,
| 373, 193, 436, 36, 275, 143, 245, 218, 314, 391, 334, 451, 119, 160, 132, 147, 0, 207, 269, 151, 561, 85, 186, 216, 193, 397, 279, 195, 250, 204, 260, 229, 272, 230, 301, 359, 188, 175, 442, 249, 183, 188, 107, 222, 186, 244, 318, 148, 133, 232, 207, 228, 272, 131,
| 520, 293, 443, 172, 156, 65, 178, 418, 206, 275, 291, 419, 205, 84, 329, 206, 207, 0, 475, 160, 553, 276, 290, 35, 175, 454, 480, 248, 247, 251, 395, 164, 206, 436, 249, 250, 351, 54, 513, 239, 336, 33, 103, 158, 291, 440, 436, 159, 172, 439, 8, 402, 199, 167,
| 326, 328, 568, 304, 524, 411, 479, 110, 552, 624, 532, 616, 331, 423, 171, 356, 269, 475, 0, 387, 686, 216, 322, 482, 421, 484, 72, 376, 445, 384, 294, 466, 498, 40, 497, 592, 232, 441, 499, 450, 251, 456, 375, 461, 321, 127, 349, 386, 365, 37, 475, 205, 502, 366,
| 363, 134, 312, 135, 138, 121, 97, 304, 168, 244, 188, 311, 60, 77, 219, 48, 151, 160, 387, 0, 433, 171, 132, 191, 43, 302, 414, 89, 111, 93, 239, 81, 122, 352, 370, 212, 209, 107, 359, 108, 191, 128, 100, 76, 133, 318, 277, 3, 22, 353, 166, 262, 123, 22,
| 416, 382, 126, 559, 406, 543, 376, 577, 362, 331, 263, 138, 443, 488, 542, 417, 561, 553, 686, 433, 0, 527, 389, 588, 396, 206, 745, 366, 322, 358, 393, 391, 348, 668, 794, 335, 459, 510, 216, 327, 443, 525, 531, 398, 390, 564, 345, 435, 441, 665, 561, 482, 355, 445,
| 293, 146, 402, 116, 308, 212, 265, 143, 337, 411, 330, 432, 116, 212, 53, 143, 85, 276, 216, 171, 527, 0, 139, 291, 207, 345, 247, 175, 241, 184, 186, 251, 285, 181, 383, 379, 109, 235, 383, 244, 109, 252, 174, 246, 138, 165, 247, 170, 150, 182, 278, 145, 288, 150,
| 232, 8, 264, 197, 246, 240, 189, 219, 256, 317, 212, 299, 89, 207, 159, 85, 186, 290, 322, 132, 389, 139, 0, 317, 140, 212, 369, 63, 129, 69, 108, 183, 196, 295, 470, 287, 99, 237, 257, 136, 78, 258, 208, 182, 2, 221, 148, 133, 119, 294, 295, 149, 203, 124,
| 546, 321, 478, 181, 189, 81, 212, 432, 239, 306, 325, 454, 231, 115, 343, 234, 216, 35, 482, 191, 588, 291, 317, 0, 208, 487, 481, 279, 281, 282, 422, 199, 241, 442, 216, 282, 373, 85, 546, 274, 359, 66, 120, 192, 318, 455, 465, 189, 200, 446, 28, 423, 233, 194,
| 367, 139, 278, 177, 109, 149, 59, 333, 131, 205, 146, 272, 91, 96, 252, 68, 193, 175, 421, 43, 396, 207, 140, 208, 0, 280, 452, 82, 76, 82, 246, 47, 80, 387, 400, 173, 229, 124, 339, 71, 209, 143, 136, 44, 141, 344, 274, 45, 61, 388, 182, 282, 83, 63,
| 219, 205, 107, 405, 343, 422, 291, 375, 319, 335, 213, 187, 288, 374, 350, 269, 397, 454, 484, 302, 206, 345, 212, 487, 280, 0, 545, 216, 209, 211, 190, 298, 273, 468, 669, 319, 261, 403, 63, 219, 248, 422, 399, 303, 212, 360, 140, 304, 301, 465, 461, 279, 283, 306,
| 397, 376, 623, 312, 548, 418, 510, 172, 582, 656, 574, 667, 362, 439, 211, 390, 279, 480, 72, 414, 745, 247, 369, 481, 452, 545, 0, 417, 486, 426, 356, 495, 531, 77, 466, 624, 287, 453, 563, 489, 303, 465, 385, 490, 368, 195, 413, 413, 393, 80, 479, 268, 534, 393,
| 285, 61, 241, 195, 184, 208, 127, 277, 193, 255, 157, 260, 77, 165, 207, 54, 195, 248, 376, 89, 366, 175, 63, 279, 82, 216, 417, 0, 70, 10, 165, 122, 133, 346, 453, 225, 160, 195, 271, 76, 140, 216, 183, 122, 65, 282, 193, 91, 85, 345, 254, 212, 141, 91,
| 330, 125, 202, 242, 141, 225, 85, 346, 135, 189, 89, 203, 133, 172, 276, 104, 250, 247, 445, 111, 322, 241, 129, 281, 76, 209, 486, 70, 0, 62, 219, 90, 77, 415, 476, 160, 228, 198, 270, 11, 206, 216, 210, 94, 131, 350, 230, 113, 121, 415, 255, 277, 86, 125,
| 287, 66, 233, 203, 181, 213, 123, 285, 187, 248, 149, 251, 86, 168, 216, 61, 204, 251, 384, 93, 358, 184, 69, 282, 82, 211, 426, 10, 62, 0, 168, 120, 128, 355, 459, 218, 167, 198, 266, 68, 146, 218, 189, 120, 71, 289, 193, 95, 91, 354, 257, 218, 135, 96,
| 125, 107, 278, 281, 349, 343, 291, 185, 352, 404, 286, 337, 192, 313, 172, 192, 260, 395, 294, 239, 393, 186, 108, 422, 246, 190, 356, 165, 219, 168, 0, 287, 293, 279, 558, 377, 81, 343, 211, 228, 78, 364, 308, 287, 107, 172, 64, 240, 225, 276, 400, 90, 301, 230,
| 406, 182, 279, 209, 64, 156, 18, 379, 87, 163, 130, 259, 136, 100, 297, 114, 229, 164, 466, 81, 391, 251, 183, 199, 47, 298, 495, 122, 90, 120, 287, 0, 48, 432, 404, 131, 274, 120, 359, 80, 254, 135, 155, 8, 184, 390, 310, 83, 102, 433, 172, 327, 45, 103,
| 406, 194, 241, 254, 70, 203, 31, 405, 60, 126, 85, 214, 169, 148, 328, 143, 272, 206, 498, 122, 348, 285, 196, 241, 80, 273, 531, 133, 77, 128, 293, 48, 0, 465, 450, 94, 293, 165, 335, 67, 272, 179, 202, 56, 198, 413, 306, 124, 141, 465, 214, 344, 10, 142,
| 327, 302, 547, 264, 488, 372, 445, 97, 518, 591, 503, 592, 297, 385, 139, 323, 230, 436, 40, 352, 668, 181, 295, 442, 387, 468, 77, 346, 415, 355, 279, 432, 465, 0, 460, 559, 210, 403, 488, 420, 228, 417, 336, 427, 294, 123, 338, 350, 330, 7, 435, 192, 469, 331,
| 673, 476, 678, 278, 404, 252, 420, 495, 454, 521, 534, 663, 384, 307, 422, 401, 301, 249, 497, 370, 794, 383, 470, 216, 400, 669, 466, 453, 476, 459, 558, 404, 450, 460, 0, 498, 489, 285, 722, 470, 483, 272, 271, 397, 471, 526, 613, 368, 369, 466, 241, 526, 443, 363,
| 482, 283, 255, 338, 97, 268, 115, 499, 48, 33, 106, 198, 263, 217, 422, 237, 359, 250, 592, 212, 335, 379, 287, 282, 173, 319, 624, 225, 160, 218, 377, 131, 94, 559, 498, 0, 385, 225, 379, 151, 364, 232, 278, 138, 288, 506, 381, 214, 232, 559, 258, 435, 91, 233,
| 185, 103, 337, 214, 337, 292, 283, 124, 352, 415, 309, 385, 151, 274, 92, 164, 188, 351, 232, 209, 459, 109, 99, 373, 229, 261, 287, 160, 228, 167, 81, 274, 293, 210, 489, 385, 0, 302, 289, 235, 22, 322, 255, 272, 97, 124, 144, 209, 190, 208, 355, 54, 299, 193,
| 467, 240, 397, 142, 129, 45, 136, 376, 179, 253, 250, 379, 153, 31, 287, 152, 175, 54, 441, 107, 510, 235, 237, 85, 124, 403, 453, 195, 198, 198, 343, 120, 165, 403, 285, 225, 302, 0, 461, 190, 286, 21, 69, 113, 238, 396, 383, 106, 119, 405, 60, 354, 160, 114,
| 202, 251, 150, 453, 405, 479, 352, 392, 381, 394, 274, 232, 339, 432, 380, 322, 442, 513, 499, 359, 216, 383, 257, 546, 339, 63, 563, 271, 270, 266, 211, 359, 335, 488, 722, 379, 289, 461, 0, 280, 280, 481, 453, 364, 257, 372, 150, 360, 356, 484, 520, 296, 345, 361,
| 340, 133, 208, 240, 131, 218, 75, 352, 125, 181, 87, 205, 134, 165, 281, 105, 249, 239, 450, 108, 327, 244, 136, 274, 71, 219, 489, 76, 11, 68, 228, 80, 67, 420, 470, 151, 235, 190, 280, 0, 214, 208, 205, 85, 138, 357, 240, 110, 119, 419, 247, 284, 76, 123,
| 192, 82, 321, 207, 317, 279, 262, 144, 331, 394, 288, 366, 134, 258, 102, 145, 183, 336, 251, 191, 443, 109, 78, 359, 209, 248, 303, 140, 206, 146, 78, 254, 272, 228, 483, 364, 22, 286, 280, 214, 0, 307, 242, 252, 76, 145, 140, 191, 172, 226, 340, 74, 279, 176,
| 488, 261, 413, 154, 136, 49, 150, 394, 186, 258, 264, 393, 174, 52, 305, 173, 188, 33, 456, 128, 525, 252, 258, 66, 143, 422, 465, 216, 216, 218, 364, 135, 179, 417, 272, 232, 322, 21, 481, 208, 307, 0, 82, 128, 259, 415, 404, 127, 140, 420, 39, 374, 172, 135,
| 431, 213, 411, 73, 185, 39, 172, 315, 230, 308, 280, 407, 119, 62, 226, 132, 107, 103, 375, 100, 531, 174, 208, 120, 136, 399, 385, 183, 210, 189, 308, 155, 202, 336, 271, 278, 255, 69, 453, 205, 242, 82, 0, 147, 209, 338, 356, 98, 98, 338, 105, 304, 199, 93,
| 407, 181, 286, 202, 66, 148, 25, 375, 93, 170, 138, 267, 132, 93, 293, 110, 222, 158, 461, 76, 398, 246, 182, 192, 44, 303, 490, 122, 94, 120, 287, 8, 56, 427, 397, 138, 272, 113, 364, 85, 252, 128, 147, 0, 183, 387, 311, 77, 97, 428, 165, 325, 53, 97,
| 231, 9, 264, 197, 247, 241, 190, 218, 257, 318, 214, 300, 90, 208, 158, 86, 186, 291, 321, 133, 390, 138, 2, 318, 141, 212, 368, 65, 131, 71, 107, 184, 198, 294, 471, 288, 97, 238, 257, 138, 76, 259, 209, 183, 0, 220, 148, 134, 120, 293, 296, 147, 205, 124,
| 204, 226, 448, 278, 452, 377, 400, 33, 471, 537, 432, 503, 258, 372, 113, 277, 244, 440, 127, 318, 564, 165, 221, 455, 344, 360, 195, 282, 350, 289, 172, 390, 413, 123, 526, 506, 124, 396, 372, 357, 145, 415, 338, 387, 220, 0, 223, 317, 297, 118, 442, 83, 419, 299,
| 102, 145, 239, 336, 369, 388, 311, 242, 364, 406, 282, 308, 237, 353, 235, 231, 318, 436, 349, 277, 345, 247, 148, 465, 274, 140, 413, 193, 230, 193, 64, 310, 306, 338, 613, 381, 144, 383, 150, 240, 140, 404, 356, 311, 148, 223, 0, 278, 265, 334, 441, 146, 316, 271,
| 364, 135, 314, 133, 139, 119, 99, 303, 170, 246, 190, 314, 59, 76, 218, 48, 148, 159, 386, 3, 435, 170, 133, 189, 45, 304, 413, 91, 113, 95, 240, 83, 124, 350, 368, 214, 209, 106, 360, 110, 191, 127, 98, 77, 134, 317, 278, 0, 21, 351, 165, 262, 125, 20,
| 349, 122, 318, 121, 159, 125, 117, 282, 189, 264, 202, 323, 39, 89, 197, 35, 133, 172, 365, 22, 441, 150, 119, 200, 61, 301, 393, 85, 121, 91, 225, 102, 141, 330, 369, 232, 190, 119, 356, 119, 172, 140, 98, 97, 120, 297, 265, 21, 0, 331, 177, 243, 142, 6,
| 321, 300, 545, 267, 489, 375, 446, 93, 519, 591, 502, 590, 297, 387, 139, 323, 232, 439, 37, 353, 665, 182, 294, 446, 388, 465, 80, 345, 415, 354, 276, 433, 465, 7, 466, 559, 208, 405, 484, 419, 226, 420, 338, 428, 293, 118, 334, 351, 331, 0, 439, 188, 469, 332,
| 524, 298, 450, 172, 163, 66, 185, 419, 214, 282, 298, 427, 209, 90, 331, 211, 207, 8, 475, 166, 561, 278, 295, 28, 182, 461, 479, 254, 255, 257, 400, 172, 214, 435, 241, 258, 355, 60, 520, 247, 340, 39, 105, 165, 296, 442, 441, 165, 177, 439, 0, 405, 206, 172,
| 155, 152, 366, 258, 390, 342, 335, 96, 404, 465, 355, 421, 204, 327, 108, 217, 228, 402, 205, 262, 482, 145, 149, 423, 282, 279, 268, 212, 277, 218, 90, 327, 344, 192, 526, 435, 54, 354, 296, 284, 74, 374, 304, 325, 147, 83, 146, 262, 243, 188, 405, 0, 351, 246,
| 415, 201, 250, 253, 60, 198, 28, 411, 53, 123, 93, 221, 173, 143, 332, 147, 272, 199, 502, 123, 355, 288, 203, 233, 83, 283, 534, 141, 86, 135, 301, 45, 10, 469, 443, 91, 299, 160, 345, 76, 279, 172, 199, 53, 205, 419, 316, 125, 142, 469, 206, 351, 0, 144,
| 354, 127, 322, 118, 158, 120, 118, 284, 189, 265, 205, 327, 43, 84, 199, 41, 131, 167, 366, 22, 445, 150, 124, 194, 63, 306, 393, 91, 125, 96, 230, 103, 142, 331, 363, 233, 193, 114, 361, 123, 176, 135, 93, 97, 124, 299, 271, 20, 6, 332, 172, 246, 144, 0|];
